$ANSIBLE_VAULT;1.1;AES256
31643538326335613135633434393463383265396163376637653261303534306236363130396230
3762303565633463326430373933356638346464343663380a373832363261316263353236336561
31666561346432363365376164363238363836666164656530636162333736333439616464633361
6233653263663236300a623034326334383062366563373063303738306631353664326666383633
32393132373061663231383438663039633639373631626334363531336661666637616431316364
62393736613137653436323636373464643562303061643365306265626139306565663337613662
66633062343736396564336462636363343863633062616239616238653839343938353537366264
65373332333431663865656539623264643234613735656362326434623736636333653038373634
31633436333836333234636236653939393030633131383231373062663332313834643731643939
37323434643861663264656630383233653832316136323836356363373731343564393734373062
63653230633136343335333338343635343537663931613130323463643066383730343662653264
66633832363761393431616634343137393636616632366630326564306532303866653132656530
36646264656136633539306262663634323530386432343164353239353766306233383564653732
37393966613864306663323361626431376337646230306463666132366532643262363562343365
65363439633861353836323133343364656538316138336362623339653164386432623331306466
61353336313133316138333933666562616163306262323932303165373930343062353330323731
64386136343934666433666131623330623631353537366637656662393237373464353037373031
34656461656437343031303938643839376533383561323864333338383733623135383062353763
37356561373535366433333936616133393735636336613361393838666331376463366362663366
33306133666166333437616365333032396533366231363861653637353239636664626335343132
31393665393461366232616534383136643236656230653936303739663336343239313737326361
34313461656362366361376365326662376261643862356637323538656430396665646635666536
35313931623836343633653963646437653461336163663435643865386661313833643434356231
65353361636562613236303565646166646533313835386666373331363732656137313332656439
38653965353566313033383339343238623433376166636538613237333834643131633234336364
35646135353037643662353436323936326431613836636131643435623939656362366231623163
32626436383164613331643039663965343734643134643239636162636139336563376666333765
65393766393932643335396335363632663061346164333037366236316135393232636666376130
36346436313334373938666637666266333836613662303532376562656531323038353332346637
30636363633462643431666334346530323633393033616230653961326666663439623261643163
30636534396662616166653836336665656364656231613036653934366464353536646636373130
39666262313230323233383532303163303635333962336364633166636563356431386538363963
62666533356235623661383063623539663366333933316138323130306635653335316135663338
35383264373535386237373935353762396138346464326665333435373435356134343932373962
36313965353565353632393331653935366235646563306235343332613532316262616363323533
61303431326438353430
