$ANSIBLE_VAULT;1.1;AES256
63633935643930323466303864373166626439366135376330393738363766303666343765313732
6561623064313463643838363738386132386261336165650a313838656664623633333864373436
64323862666233353336666362346364363265393066313034626264646439623166616565393934
3964656165316137610a356438333231343430623035363163396231383536376334353332313164
62643335326166363232393933623963353364646336323063366439623334336563653030656530
61343936303230356564323434353762326564363538653063333764373063613731633132646230
34643930356233653162303939343732386432353061633137633763333563343736396262636635
35666163323563306139353730323838613835306236626230333830333935653365613739346434
63666637316364626435363832663138303837666338336266323432656465653636303066663661
61613435663465363338386435373562303032373766363535613638306534343730653862613331
65316136646261616664363462323661623366383565356638353866373137306466616138313839
33613237346331613734386439343131343161353331383138613164303236396335386634373361
64316563353863623231353364616437386662326436646338633332326338303231356338336539
66393137613662653838623732623365343464633539313862336237383265393235316464313030
30656466353636343833326539316435363932346564313133346238363336396131326466396163
32313939303232663065333464353536633432353737323565376166366239333038356330666133
62313239373036623333626535653339653030393136363061373864623665333838663632303132
62333162663830303866376338643065633162396261383438636565396566623835653830383362
61643835333161386464666137323639376463663738316637373136633831363938633732656166
35646164383162643462643139346439643630656232613031336361326335386339613931633462
63626337363466353731376536326165636338656462363461656635653464313063393330323334
38616132393636383764373132353137323966346333313563653636363264333034323139623838
66373133623031376139386539626266323631333030363839613636663534323839313733653263
31333734326338383165353435656462393138306566666139353734646235633266666439326236
61333964613761646135643366383964343666666532363935353330653939303636366164363434
63636637656364363561653461633637303163643237326535313339646264356131626636323962
36303234353633363732643937356332363938356461653130373663386537326338393430323931
66383535323662333833666334633737616532343066396239353738303162396333663862383261
36636362633665383838653331353939343937356436386661623463326261343630366430653133
63313630646138633232623264663637626565383864626163316538343162396539373666383934
34346132336433343238616238376334303633653764663765326438336165356564343861373632
63653130336139303063643433313938646664646339353864656438336236613436643830393865
36376132323634303165663133626661663331353333386634306134333762326561386265356162
61376239653230373762633036383538326563313336356338633261663139653830393033363366
39353034626131393436303735396130386161633531623230633066613963343435613263653932
33616264363434383861
